Nodes
0 85 53
1 86 53
2 87 53
3 88 53
4 89 53
5 90 53
6 91 53
7 92 53
8 93 53
9 94 53
10 95 53
11 96 53
12 84 54
13 85 54
14 96 54
15 97 54
16 98 54
17 99 54
18 100 54
19 62 55
20 63 55
21 64 55
22 65 55
23 66 55
24 67 55
25 68 55
26 69 55
27 70 55
28 71 55
29 72 55
30 73 55
31 74 55
32 75 55
33 82 55
34 83 55
35 84 55
36 101 55
37 102 55
38 103 55
39 59 56
40 60 56
41 61 56
42 62 56
43 76 56
44 77 56
45 78 56
46 79 56
47 80 56
48 81 56
49 82 56
50 103 56
51 104 56
52 57 57
53 58 57
54 82 57
55 104 57
56 105 57
57 54 58
58 55 58
59 56 58
60 105 58
61 106 58
62 52 59
63 53 59
64 54 59
65 106 59
66 107 59
67 52 60
68 107 60
69 50 61
70 51 61
71 107 61
72 49 62
73 50 62
74 108 62
75 49 63
76 108 63
77 428 63
78 429 63
79 430 63
80 431 63
81 432 63
82 433 63
83 434 63
84 435 63
85 436 63
86 437 63
87 438 63
88 439 63
89 49 64
90 108 64
91 421 64
92 422 64
93 423 64
94 424 64
95 425 64
96 426 64
97 427 64
98 439 64
99 440 64
100 48 65
101 108 65
102 419 65
103 420 65
104 421 65
105 440 65
106 441 65
107 442 65
108 48 66
109 108 66
110 416 66
111 417 66
112 418 66
113 419 66
114 442 66
115 443 66
116 48 67
117 108 67
118 414 67
119 415 67
120 416 67
121 443 67
122 444 67
123 48 68
124 108 68
125 413 68
126 414 68
127 444 68
128 47 69
129 48 69
130 108 69
131 412 69
132 413 69
133 444 69
134 445 69
135 47 70
136 108 70
137 410 70
138 411 70
139 412 70
140 445 70
141 47 71
142 107 71
143 108 71
144 409 71
145 410 71
146 445 71
147 47 72
148 107 72
149 406 72
150 407 72
151 408 72
152 409 72
153 445 72
154 446 72
155 47 73
156 107 73
157 405 73
158 406 73
159 446 73
160 47 74
161 107 74
162 404 74
163 405 74
164 446 74
165 47 75
166 107 75
167 404 75
168 446 75
169 47 76
170 106 76
171 107 76
172 405 76
173 446 76
174 47 77
175 106 77
176 405 77
177 406 77
178 407 77
179 445 77
180 446 77
181 47 78
182 106 78
183 407 78
184 408 78
185 445 78
186 47 79
187 48 79
188 105 79
189 408 79
190 409 79
191 444 79
192 445 79
193 48 80
194 105 80
195 409 80
196 410 80
197 444 80
198 48 81
199 49 81
200 104 81
201 105 81
202 410 81
203 411 81
204 443 81
205 444 81
206 49 82
207 104 82
208 412 82
209 442 82
210 443 82
211 49 83
212 50 83
213 103 83
214 104 83
215 412 83
216 413 83
217 442 83
218 50 84
219 103 84
220 413 84
221 414 84
222 441 84
223 442 84
224 51 85
225 102 85
226 414 85
227 415 85
228 440 85
229 441 85
230 51 86
231 52 86
232 101 86
233 102 86
234 415 86
235 440 86
236 52 87
237 53 87
238 101 87
239 415 87
240 438 87
241 439 87
242 440 87
243 53 88
244 54 88
245 100 88
246 101 88
247 415 88
248 438 88
249 54 89
250 55 89
251 99 89
252 100 89
253 415 89
254 436 89
255 437 89
256 438 89
257 56 90
258 57 90
259 98 90
260 99 90
261 415 90
262 434 90
263 435 90
264 436 90
265 57 91
266 58 91
267 59 91
268 97 91
269 98 91
270 415 91
271 432 91
272 433 91
273 434 91
274 59 92
275 60 92
276 61 92
277 96 92
278 97 92
279 415 92
280 416 92
281 430 92
282 431 92
283 432 92
284 61 93
285 62 93
286 63 93
287 64 93
288 95 93
289 96 93
290 416 93
291 417 93
292 428 93
293 429 93
294 430 93
295 64 94
296 65 94
297 66 94
298 94 94
299 95 94
300 417 94
301 418 94
302 419 94
303 420 94
304 421 94
305 422 94
306 423 94
307 424 94
308 425 94
309 426 94
310 427 94
311 428 94
312 66 95
313 67 95
314 68 95
315 69 95
316 70 95
317 92 95
318 93 95
319 71 96
320 72 96
321 73 96
322 74 96
323 75 96
324 76 96
325 77 96
326 78 96
327 79 96
328 80 96
329 81 96
330 82 96
331 83 96
332 84 96
333 85 96
334 86 96
335 87 96
336 88 96
337 89 96
338 90 96
339 91 96
340 185 143
341 186 143
342 187 143
343 188 143
344 189 143
345 190 143
346 191 143
347 192 143
348 193 143
349 194 143
350 195 143
351 184 144
352 185 144
353 195 144
354 196 144
355 197 144
356 198 144
357 199 144
358 183 145
359 184 145
360 200 145
361 201 145
362 202 145
363 181 146
364 182 146
365 203 146
366 204 146
367 180 147
368 181 147
369 204 147
370 205 147
371 206 147
372 179 148
373 180 148
374 206 148
375 207 148
376 179 149
377 208 149
378 209 149
379 178 150
380 179 150
381 209 150
382 210 150
383 177 151
384 178 151
385 210 151
386 211 151
387 177 152
388 211 152
389 176 153
390 177 153
391 211 153
392 176 154
393 211 154
394 176 155
395 211 155
396 175 156
397 176 156
398 211 156
399 174 157
400 175 157
401 210 157
402 211 157
403 173 158
404 174 158
405 209 158
406 210 158
407 173 159
408 209 159
409 172 160
410 173 160
411 207 160
412 208 160
413 209 160
414 171 161
415 172 161
416 206 161
417 207 161
418 168 162
419 170 162
420 171 162
421 204 162
422 205 162
423 168 163
424 169 163
425 170 163
426 202 163
427 203 163
428 204 163
429 168 164
430 200 164
431 201 164
432 202 164
433 168 165
434 199 165
435 200 165
436 168 166
437 197 166
438 198 166
439 168 167
440 195 167
441 196 167
442 197 167
443 167 168
444 194 168
445 195 168
446 167 169
447 193 169
448 194 169
449 167 170
450 193 170
451 167 171
452 192 171
453 193 171
454 167 172
455 192 172
456 167 173
457 192 173
458 167 174
459 168 174
460 192 174
461 168 175
462 192 175
463 168 176
464 169 176
465 191 176
466 192 176
467 169 177
468 191 177
469 169 178
470 170 178
471 191 178
472 170 179
473 171 179
474 190 179
475 191 179
476 317 179
477 318 179
478 319 179
479 320 179
480 321 179
481 322 179
482 323 179
483 171 180
484 172 180
485 173 180
486 189 180
487 190 180
488 318 180
489 323 180
490 324 180
491 325 180
492 173 181
493 174 181
494 175 181
495 176 181
496 177 181
497 187 181
498 188 181
499 189 181
500 318 181
501 325 181
502 326 181
503 177 182
504 178 182
505 179 182
506 180 182
507 181 182
508 182 182
509 183 182
510 184 182
511 185 182
512 186 182
513 187 182
514 317 182
515 327 182
516 316 183
517 328 183
518 329 183
519 316 184
520 329 184
521 315 185
522 329 185
523 330 185
524 314 186
525 330 186
526 313 187
527 314 187
528 330 187
529 313 188
530 330 188
531 331 188
532 312 189
533 331 189
534 311 190
535 312 190
536 331 190
537 310 191
538 311 191
539 331 191
540 310 192
541 332 192
542 333 192
543 309 193
544 310 193
545 333 193
546 334 193
547 308 194
548 309 194
549 334 194
550 335 194
551 336 194
552 337 194
553 308 195
554 337 195
555 338 195
556 339 195
557 307 196
558 308 196
559 340 196
560 341 196
561 342 196
562 343 196
563 307 197
564 343 197
565 344 197
566 345 197
567 346 197
568 306 198
569 346 198
570 347 198
571 348 198
572 305 199
573 306 199
574 349 199
575 350 199
576 351 199
577 305 200
578 351 200
579 352 200
580 353 200
581 304 201
582 353 201
583 354 201
584 355 201
585 303 202
586 304 202
587 356 202
588 357 202
589 303 203
590 357 203
591 358 203
592 303 204
593 359 204
594 360 204
595 302 205
596 360 205
597 361 205
598 362 205
599 301 206
600 302 206
601 362 206
602 363 206
603 301 207
604 364 207
605 301 208
606 364 208
607 365 208
608 300 209
609 366 209
610 367 209
611 299 210
612 367 210
613 299 211
614 368 211
615 369 211
616 298 212
617 369 212
618 370 212
619 298 213
620 370 213
621 371 213
622 298 214
623 371 214
624 372 214
625 297 215
626 372 215
627 373 215
628 297 216
629 373 216
630 374 216
631 296 217
632 374 217
633 295 218
634 374 218
635 294 219
636 295 219
637 375 219
638 294 220
639 375 220
640 376 220
641 294 221
642 376 221
643 293 222
644 376 222
645 377 222
646 293 223
647 377 223
648 292 224
649 293 224
650 377 224
651 292 225
652 377 225
653 378 225
654 292 226
655 378 226
656 291 227
657 378 227
658 291 228
659 378 228
660 379 228
661 291 229
662 379 229
663 291 230
664 379 230
665 290 231
666 379 231
667 290 232
668 379 232
669 290 233
670 379 233
671 289 234
672 290 234
673 379 234
674 289 235
675 379 235
676 289 236
677 378 236
678 379 236
679 289 237
680 378 237
681 289 238
682 378 238
683 288 239
684 378 239
685 288 240
686 378 240
687 288 241
688 378 241
689 288 242
690 378 242
691 288 243
692 378 243
693 288 244
694 377 244
695 378 244
696 288 245
697 376 245
698 377 245
699 288 246
700 374 246
701 375 246
702 376 246
703 288 247
704 371 247
705 372 247
706 373 247
707 374 247
708 288 248
709 368 248
710 369 248
711 370 248
712 371 248
713 288 249
714 364 249
715 365 249
716 366 249
717 367 249
718 288 250
719 358 250
720 359 250
721 360 250
722 361 250
723 362 250
724 363 250
725 364 250
726 288 251
727 289 251
728 351 251
729 352 251
730 353 251
731 354 251
732 355 251
733 356 251
734 357 251
735 289 252
736 345 252
737 346 252
738 347 252
739 348 252
740 349 252
741 350 252
742 351 252
743 289 253
744 290 253
745 339 253
746 340 253
747 341 253
748 342 253
749 343 253
750 344 253
751 290 254
752 291 254
753 292 254
754 330 254
755 331 254
756 332 254
757 333 254
758 334 254
759 335 254
760 336 254
761 337 254
762 338 254
763 292 255
764 293 255
765 294 255
766 320 255
767 321 255
768 322 255
769 323 255
770 324 255
771 325 255
772 326 255
773 327 255
774 328 255
775 329 255
776 294 256
777 295 256
778 296 256
779 297 256
780 298 256
781 299 256
782 300 256
783 301 256
784 302 256
785 303 256
786 304 256
787 305 256
788 306 256
789 307 256
790 308 256
791 309 256
792 310 256
793 311 256
794 312 256
795 313 256
796 314 256
797 315 256
798 316 256
799 317 256
800 318 256
801 319 256
802 100 287
803 101 287
804 102 287
805 103 287
806 104 287
807 105 287
808 106 287
809 98 288
810 99 288
811 106 288
812 107 288
813 95 289
814 96 289
815 97 289
816 107 289
817 108 289
818 93 290
819 94 290
820 95 290
821 108 290
822 91 291
823 92 291
824 93 291
825 108 291
826 90 292
827 91 292
828 109 292
829 88 293
830 89 293
831 90 293
832 110 293
833 87 294
834 88 294
835 110 294
836 86 295
837 87 295
838 110 295
839 85 296
840 86 296
841 110 296
842 84 297
843 85 297
844 110 297
845 111 297
846 83 298
847 84 298
848 111 298
849 83 299
850 111 299
851 82 300
852 83 300
853 111 300
854 81 301
855 82 301
856 111 301
857 81 302
858 111 302
859 80 303
860 81 303
861 111 303
862 80 304
863 111 304
864 79 305
865 80 305
866 111 305
867 79 306
868 111 306
869 79 307
870 111 307
871 79 308
872 111 308
873 78 309
874 79 309
875 110 309
876 111 309
877 78 310
878 110 310
879 78 311
880 110 311
881 77 312
882 78 312
883 109 312
884 110 312
885 77 313
886 78 313
887 108 313
888 109 313
889 77 314
890 78 314
891 108 314
892 77 315
893 78 315
894 108 315
895 77 316
896 78 316
897 79 316
898 107 316
899 108 316
900 79 317
901 80 317
902 81 317
903 82 317
904 106 317
905 107 317
906 82 318
907 106 318
908 82 319
909 105 319
910 106 319
911 82 320
912 104 320
913 105 320
914 82 321
915 83 321
916 104 321
917 83 322
918 104 322
919 83 323
920 104 323
921 83 324
922 84 324
923 104 324
924 105 324
925 84 325
926 105 325
927 84 326
928 105 326
929 84 327
930 85 327
931 105 327
932 85 328
933 105 328
934 85 329
935 105 329
936 85 330
937 86 330
938 104 330
939 105 330
940 86 331
941 87 331
942 104 331
943 87 332
944 88 332
945 102 332
946 103 332
947 104 332
948 88 333
949 89 333
950 101 333
951 102 333
952 89 334
953 90 334
954 91 334
955 99 334
956 100 334
957 101 334
958 91 335
959 92 335
960 93 335
961 94 335
962 95 335
963 96 335
964 97 335
965 98 335
966 99 335
967 451 344
968 452 344
969 453 344
970 454 344
971 455 344
972 456 344
973 457 344
974 458 344
975 450 345
976 451 345
977 458 345
978 459 345
979 460 345
980 461 345
981 462 345
982 463 345
983 464 345
984 449 346
985 450 346
986 464 346
987 465 346
988 466 346
989 467 346
990 468 346
991 448 347
992 449 347
993 468 347
994 469 347
995 470 347
996 471 347
997 447 348
998 448 348
999 471 348
1000 472 348
1001 473 348
1002 474 348
1003 447 349
1004 474 349
1005 475 349
1006 476 349
1007 447 350
1008 476 350
1009 477 350
1010 478 350
1011 479 350
1012 446 351
1013 447 351
1014 479 351
1015 480 351
1016 481 351
1017 446 352
1018 447 352
1019 448 352
1020 481 352
1021 482 352
1022 483 352
1023 446 353
1024 448 353
1025 483 353
1026 445 354
1027 446 354
1028 448 354
1029 483 354
1030 484 354
1031 445 355
1032 448 355
1033 484 355
1034 448 356
1035 484 356
1036 485 356
1037 448 357
1038 485 357
1039 448 358
1040 449 358
1041 485 358
1042 449 359
1043 485 359
1044 486 359
1045 449 360
1046 486 360
1047 449 361
1048 486 361
1049 449 362
1050 486 362
1051 449 363
1052 486 363
1053 449 364
1054 486 364
1055 449 365
1056 486 365
1057 449 366
1058 486 366
1059 449 367
1060 486 367
1061 449 368
1062 486 368
1063 449 369
1064 486 369
1065 449 370
1066 450 370
1067 486 370
1068 450 371
1069 486 371
1070 450 372
1071 486 372
1072 450 373
1073 486 373
1074 450 374
1075 486 374
1076 450 375
1077 486 375
1078 450 376
1079 485 376
1080 486 376
1081 450 377
1082 485 377
1083 450 378
1084 451 378
1085 484 378
1086 485 378
1087 451 379
1088 484 379
1089 451 380
1090 482 380
1091 483 380
1092 451 381
1093 481 381
1094 451 382
1095 479 382
1096 480 382
1097 481 382
1098 451 383
1099 476 383
1100 477 383
1101 478 383
1102 479 383
1103 451 384
1104 452 384
1105 473 384
1106 474 384
1107 475 384
1108 476 384
1109 452 385
1110 453 385
1111 470 385
1112 471 385
1113 472 385
1114 473 385
1115 453 386
1116 466 386
1117 467 386
1118 468 386
1119 469 386
1120 470 386
1121 453 387
1122 454 387
1123 455 387
1124 456 387
1125 457 387
1126 458 387
1127 459 387
1128 460 387
1129 461 387
1130 462 387
1131 463 387
1132 464 387
1133 465 387
1134 466 387
1135 63 394
1136 64 394
1137 65 394
1138 66 394
1139 67 394
1140 68 394
1141 69 394
1142 70 394
1143 60 395
1144 61 395
1145 62 395
1146 63 395
1147 71 395
1148 72 395
1149 73 395
1150 59 396
1151 60 396
1152 73 396
1153 74 396
1154 75 396
1155 58 397
1156 75 397
1157 76 397
1158 77 397
1159 57 398
1160 58 398
1161 77 398
1162 78 398
1163 79 398
1164 57 399
1165 79 399
1166 80 399
1167 56 400
1168 80 400
1169 81 400
1170 223 400
1171 224 400
1172 225 400
1173 226 400
1174 227 400
1175 228 400
1176 229 400
1177 230 400
1178 231 400
1179 232 400
1180 233 400
1181 234 400
1182 56 401
1183 81 401
1184 82 401
1185 223 401
1186 234 401
1187 235 401
1188 236 401
1189 55 402
1190 56 402
1191 82 402
1192 83 402
1193 220 402
1194 221 402
1195 222 402
1196 237 402
1197 238 402
1198 55 403
1199 83 403
1200 219 403
1201 220 403
1202 238 403
1203 239 403
1204 55 404
1205 84 404
1206 218 404
1207 219 404
1208 240 404
1209 241 404
1210 55 405
1211 84 405
1212 85 405
1213 217 405
1214 218 405
1215 241 405
1216 242 405
1217 55 406
1218 85 406
1219 217 406
1220 242 406
1221 243 406
1222 55 407
1223 85 407
1224 216 407
1225 244 407
1226 245 407
1227 55 408
1228 85 408
1229 86 408
1230 215 408
1231 216 408
1232 245 408
1233 246 408
1234 55 409
1235 86 409
1236 215 409
1237 246 409
1238 247 409
1239 248 409
1240 55 410
1241 86 410
1242 214 410
1243 215 410
1244 248 410
1245 249 410
1246 55 411
1247 86 411
1248 214 411
1249 249 411
1250 250 411
1251 54 412
1252 55 412
1253 86 412
1254 213 412
1255 214 412
1256 251 412
1257 54 413
1258 86 413
1259 213 413
1260 252 413
1261 54 414
1262 55 414
1263 86 414
1264 213 414
1265 252 414
1266 253 414
1267 54 415
1268 55 415
1269 85 415
1270 86 415
1271 212 415
1272 213 415
1273 253 415
1274 254 415
1275 255 415
1276 53 416
1277 54 416
1278 85 416
1279 212 416
1280 255 416
1281 256 416
1282 52 417
1283 53 417
1284 54 417
1285 84 417
1286 85 417
1287 212 417
1288 256 417
1289 52 418
1290 54 418
1291 83 418
1292 84 418
1293 212 418
1294 257 418
1295 258 418
1296 52 419
1297 54 419
1298 83 419
1299 212 419
1300 258 419
1301 52 420
1302 82 420
1303 83 420
1304 212 420
1305 259 420
1306 52 421
1307 81 421
1308 82 421
1309 211 421
1310 212 421
1311 259 421
1312 260 421
1313 52 422
1314 81 422
1315 211 422
1316 260 422
1317 261 422
1318 52 423
1319 80 423
1320 81 423
1321 211 423
1322 261 423
1323 262 423
1324 52 424
1325 81 424
1326 82 424
1327 83 424
1328 211 424
1329 262 424
1330 52 425
1331 83 425
1332 84 425
1333 85 425
1334 211 425
1335 262 425
1336 52 426
1337 85 426
1338 86 426
1339 211 426
1340 262 426
1341 263 426
1342 52 427
1343 53 427
1344 86 427
1345 211 427
1346 263 427
1347 53 428
1348 86 428
1349 211 428
1350 263 428
1351 53 429
1352 86 429
1353 211 429
1354 263 429
1355 53 430
1356 86 430
1357 211 430
1358 262 430
1359 263 430
1360 53 431
1361 86 431
1362 211 431
1363 262 431
1364 53 432
1365 54 432
1366 85 432
1367 86 432
1368 211 432
1369 261 432
1370 262 432
1371 54 433
1372 55 433
1373 85 433
1374 211 433
1375 260 433
1376 261 433
1377 55 434
1378 56 434
1379 57 434
1380 58 434
1381 59 434
1382 60 434
1383 61 434
1384 62 434
1385 83 434
1386 84 434
1387 85 434
1388 211 434
1389 259 434
1390 63 435
1391 64 435
1392 65 435
1393 66 435
1394 67 435
1395 79 435
1396 80 435
1397 81 435
1398 82 435
1399 83 435
1400 211 435
1401 258 435
1402 259 435
1403 68 436
1404 69 436
1405 70 436
1406 71 436
1407 72 436
1408 73 436
1409 74 436
1410 75 436
1411 76 436
1412 77 436
1413 78 436
1414 79 436
1415 210 436
1416 211 436
1417 212 436
1418 213 436
1419 256 436
1420 257 436
1421 258 436
1422 212 437
1423 213 437
1424 214 437
1425 215 437
1426 254 437
1427 255 437
1428 256 437
1429 215 438
1430 216 438
1431 217 438
1432 253 438
1433 254 438
1434 217 439
1435 218 439
1436 251 439
1437 252 439
1438 253 439
1439 218 440
1440 249 440
1441 250 440
1442 251 440
1443 218 441
1444 248 441
1445 249 441
1446 218 442
1447 219 442
1448 247 442
1449 248 442
1450 219 443
1451 247 443
1452 248 443
1453 219 444
1454 248 444
1455 249 444
1456 219 445
1457 249 445
1458 219 446
1459 249 446
1460 219 447
1461 220 447
1462 249 447
1463 220 448
1464 221 448
1465 249 448
1466 221 449
1467 249 449
1468 221 450
1469 222 450
1470 249 450
1471 222 451
1472 223 451
1473 224 451
1474 249 451
1475 224 452
1476 225 452
1477 248 452
1478 226 453
1479 227 453
1480 228 453
1481 247 453
1482 248 453
1483 228 454
1484 229 454
1485 230 454
1486 231 454
1487 232 454
1488 233 454
1489 243 454
1490 244 454
1491 245 454
1492 246 454
1493 247 454
1494 233 455
1495 234 455
1496 235 455
1497 236 455
1498 237 455
1499 238 455
1500 239 455
1501 240 455
1502 241 455
1503 242 455
1504 243 455
1505 0 0
1506 50 0
1507 100 0
1508 150 0
1509 200 0
1510 250 0
1511 300 0
1512 350 0
1513 400 0
1514 450 0
1515 500 0
1516 550 0
1517 0 50
1518 50 50
1519 100 50
1520 150 50
1521 200 50
1522 250 50
1523 300 50
1524 350 50
1525 400 50
1526 450 50
1527 500 50
1528 550 50
1529 0 100
1530 50 100
1531 100 100
1532 150 100
1533 200 100
1534 250 100
1535 300 100
1536 350 100
1537 400 100
1538 450 100
1539 500 100
1540 550 100
1541 0 150
1542 50 150
1543 100 150
1544 150 150
1545 200 150
1546 250 150
1547 300 150
1548 350 150
1549 400 150
1550 450 150
1551 500 150
1552 550 150
1553 0 200
1554 50 200
1555 100 200
1556 150 200
1557 200 200
1558 250 200
1559 300 200
1560 350 200
1561 400 200
1562 450 200
1563 500 200
1564 550 200
1565 0 250
1566 50 250
1567 100 250
1568 150 250
1569 200 250
1570 250 250
1571 300 250
1572 350 250
1573 400 250
1574 450 250
1575 500 250
1576 550 250
1577 0 300
1578 50 300
1579 100 300
1580 150 300
1581 200 300
1582 250 300
1583 300 300
1584 350 300
1585 400 300
1586 450 300
1587 500 300
1588 550 300
1589 0 350
1590 50 350
1591 100 350
1592 150 350
1593 200 350
1594 250 350
1595 300 350
1596 350 350
1597 400 350
1598 450 350
1599 500 350
1600 550 350
1601 0 400
1602 50 400
1603 100 400
1604 150 400
1605 200 400
1606 250 400
1607 300 400
1608 350 400
1609 400 400
1610 450 400
1611 500 400
1612 550 400
1613 0 450
1614 50 450
1615 100 450
1616 150 450
1617 200 450
1618 250 450
1619 300 450
1620 350 450
1621 400 450
1622 450 450
1623 500 450
1624 550 450
Elements0 0 1 13
1 12 0 13
2 1 2 13
3 2 3 13
4 6 7 14
5 7 8 14
6 8 9 14
7 9 10 14
8 10 11 14
9 14 11 15
10 15 11 16
11 31 0 32
12 0 12 33
13 32 0 33
14 33 12 34
15 3 4 35
16 13 3 35
17 4 5 35
18 12 13 35
19 34 12 35
20 17 18 36
21 16 17 36
22 15 16 36
23 14 15 36
24 36 18 37
25 39 19 40
26 40 19 41
27 19 20 42
28 41 19 42
29 20 21 42
30 21 22 42
31 22 23 42
32 23 24 42
33 24 25 42
34 27 28 43
35 28 29 43
36 29 30 43
37 30 31 43
38 31 32 43
39 43 32 44
40 32 33 45
41 44 32 45
42 45 33 46
43 46 33 47
44 47 33 48
45 33 34 49
46 48 33 49
47 34 35 49
48 36 37 50
49 37 38 50
50 50 38 51
51 39 40 53
52 52 39 53
53 40 41 53
54 41 42 53
55 5 6 54
56 35 5 54
57 6 14 54
58 49 35 54
59 43 44 54
60 44 45 54
61 45 46 54
62 46 47 54
63 47 48 54
64 48 49 54
65 14 36 55
66 36 50 55
67 50 51 55
68 55 51 56
69 57 52 58
70 53 42 59
71 52 53 59
72 58 52 59
73 55 56 60
74 60 56 61
75 62 57 63
76 57 58 64
77 63 57 64
78 58 59 64
79 60 61 65
80 65 61 66
81 62 63 67
82 63 64 67
83 65 66 68
84 62 67 69
85 67 64 70
86 69 67 70
87 60 65 71
88 65 68 71
89 69 70 73
90 72 69 73
91 68 66 74
92 71 68 74
93 72 73 75
94 71 74 76
95 70 64 89
96 73 70 89
97 75 73 89
98 71 76 90
99 91 77 92
100 92 77 93
101 93 77 94
102 94 77 95
103 95 77 96
104 77 78 97
105 96 77 97
106 78 79 97
107 79 80 97
108 80 81 97
109 85 86 98
110 86 87 98
111 87 88 98
112 98 88 99
113 72 75 100
114 75 89 100
115 71 90 101
116 102 91 103
117 91 92 104
118 103 91 104
119 92 93 104
120 93 94 104
121 94 95 104
122 95 96 104
123 83 84 105
124 84 85 105
125 85 98 105
126 98 99 105
127 105 99 106
128 99 88 107
129 106 99 107
130 100 89 108
131 14 55 109
132 55 60 109
133 60 71 109
134 71 101 109
135 110 102 111
136 111 102 112
137 102 103 113
138 112 102 113
139 103 104 113
140 105 106 114
141 106 107 114
142 114 107 115
143 108 89 116
144 118 110 119
145 110 111 120
146 119 110 120
147 111 112 120
148 112 113 120
149 105 114 121
150 114 115 121
151 121 115 122
152 89 64 123
153 116 89 123
154 118 119 126
155 125 118 126
156 119 120 126
157 121 122 127
158 100 108 128
159 108 116 128
160 116 123 128
161 64 59 129
162 123 64 129
163 59 42 129
164 128 123 129
165 126 120 132
166 125 126 132
167 131 125 132
168 105 121 133
169 121 127 133
170 127 122 134
171 133 127 134
172 128 129 135
173 125 131 137
174 137 131 138
175 131 132 139
176 138 131 139
177 133 134 140
178 135 129 141
179 14 109 142
180 109 117 142
181 117 124 142
182 124 130 142
183 54 14 142
184 130 136 142
185 142 136 143
186 137 138 145
187 144 137 145
188 138 139 145
189 133 140 146
190 141 129 147
191 142 143 148
192 137 144 149
193 149 144 150
194 150 144 151
195 145 139 152
196 144 145 152
197 151 144 152
198 105 133 153
199 133 146 153
200 140 134 154
201 146 140 154
202 153 146 154
203 147 129 155
204 148 143 156
205 149 150 158
206 157 149 158
207 150 151 158
208 153 154 159
209 155 129 160
210 156 143 161
211 157 158 163
212 162 157 163
213 153 159 164
214 161 143 166
215 162 163 167
216 153 164 168
217 54 142 170
218 142 148 170
219 148 156 170
220 156 161 170
221 161 166 170
222 166 143 171
223 170 166 171
224 167 163 172
225 170 171 175
226 167 172 176
227 176 172 177
228 163 158 178
229 172 163 178
230 151 152 178
231 158 151 178
232 177 172 178
233 153 168 179
234 168 173 179
235 179 173 180
236 175 171 182
237 176 177 183
238 177 178 183
239 178 152 184
240 183 178 184
241 179 180 185
242 160 129 187
243 165 160 187
244 169 165 187
245 174 169 187
246 181 174 187
247 186 181 187
248 54 170 188
249 170 175 188
250 175 182 188
251 183 184 189
252 176 183 189
253 152 139 190
254 184 152 190
255 189 184 190
256 105 153 191
257 153 179 191
258 179 185 191
259 185 180 192
260 191 185 192
261 186 187 193
262 188 182 194
263 189 190 195
264 190 139 196
265 195 190 196
266 191 192 197
267 186 193 198
268 129 42 199
269 187 129 199
270 193 187 199
271 198 193 199
272 54 188 200
273 188 194 200
274 182 171 201
275 194 182 201
276 200 194 201
277 195 196 202
278 196 139 203
279 202 196 203
280 191 197 204
281 197 192 205
282 204 197 205
283 198 199 206
284 200 201 207
285 139 132 208
286 203 139 208
287 202 203 208
288 82 83 209
289 83 105 209
290 105 191 209
291 81 82 209
292 191 204 209
293 97 81 209
294 204 205 210
295 209 204 210
296 198 206 211
297 199 42 212
298 206 199 212
299 211 206 212
300 54 200 213
301 200 207 213
302 207 201 214
303 213 207 214
304 202 208 215
305 120 113 216
306 132 120 216
307 208 132 216
308 215 208 216
309 209 210 217
310 211 212 218
311 213 214 219
312 215 216 220
313 216 113 221
314 220 216 221
315 209 217 222
316 210 205 223
317 217 210 223
318 222 217 223
319 218 212 224
320 213 219 225
321 220 221 226
322 104 96 227
323 113 104 227
324 221 113 227
325 96 97 227
326 226 221 227
327 97 209 228
328 209 222 228
329 222 223 229
330 228 222 229
331 211 218 230
332 218 224 230
333 224 212 231
334 230 224 231
335 54 213 232
336 213 225 232
337 219 214 233
338 225 219 233
339 232 225 233
340 226 227 234
341 228 229 235
342 230 231 236
343 231 212 237
344 236 231 237
345 232 233 238
346 226 234 239
347 97 228 240
348 228 235 240
349 240 235 241
350 229 223 242
351 235 229 242
352 241 235 242
353 236 237 243
354 243 237 244
355 232 238 245
356 238 233 246
357 245 238 246
358 220 226 247
359 226 239 247
360 240 241 248
361 241 242 248
362 243 244 249
363 249 244 250
364 232 245 251
365 245 246 252
366 251 245 252
367 215 220 253
368 220 247 253
369 240 248 254
370 254 248 255
371 248 242 256
372 255 248 256
373 249 250 257
374 212 42 258
375 237 212 258
376 244 237 258
377 250 244 258
378 257 250 258
379 54 232 259
380 232 251 259
381 251 252 260
382 259 251 260
383 215 253 261
384 227 97 262
385 97 240 262
386 240 254 262
387 262 254 263
388 254 255 264
389 263 254 264
390 255 256 264
391 249 257 265
392 257 258 265
393 265 258 266
394 42 25 267
395 258 42 267
396 25 26 267
397 266 258 267
398 259 260 269
399 268 259 269
400 227 262 271
401 271 262 272
402 262 263 273
403 272 262 273
404 263 264 273
405 265 266 274
406 266 267 274
407 274 267 275
408 275 267 276
409 268 269 278
410 277 268 278
411 261 253 280
412 270 261 280
413 279 270 280
414 227 271 281
415 281 271 282
416 271 272 283
417 282 271 283
418 272 273 283
419 274 275 284
420 275 276 284
421 284 276 285
422 285 276 286
423 26 27 287
424 267 26 287
425 276 267 287
426 27 43 287
427 286 276 287
428 277 278 289
429 288 277 289
430 279 280 290
431 280 253 291
432 290 280 291
433 227 281 292
434 292 281 293
435 281 282 294
436 293 281 294
437 282 283 294
438 284 285 295
439 285 286 295
440 286 287 295
441 295 287 296
442 296 287 297
443 288 289 299
444 298 288 299
445 290 291 300
446 300 291 301
447 301 291 302
448 253 247 303
449 291 253 303
450 302 291 303
451 247 239 304
452 303 247 304
453 239 234 305
454 304 239 305
455 234 227 306
456 305 234 306
457 227 292 307
458 306 227 307
459 307 292 308
460 308 292 309
461 309 292 310
462 292 293 311
463 310 292 311
464 293 294 311
465 295 296 312
466 296 297 312
467 312 297 313
468 313 297 314
469 314 297 315
470 43 54 316
471 287 43 316
472 297 287 316
473 315 297 316
474 288 298 317
475 298 299 318
476 317 298 318
477 312 313 319
478 313 314 319
479 314 315 319
480 315 316 319
481 319 316 320
482 320 316 321
483 321 316 322
484 322 316 323
485 316 54 324
486 323 316 324
487 324 54 325
488 325 54 326
489 326 54 327
490 327 54 328
491 328 54 329
492 329 54 330
493 330 54 331
494 54 259 332
495 331 54 332
496 259 268 332
497 332 268 333
498 268 277 334
499 333 268 334
500 277 288 335
501 334 277 335
502 288 317 335
503 335 317 336
504 336 317 337
505 337 317 338
506 317 318 339
507 338 317 339
508 340 341 352
509 351 340 352
510 341 342 352
511 342 343 352
512 346 347 353
513 347 348 353
514 348 349 353
515 349 350 353
516 353 350 354
517 354 350 355
518 355 350 356
519 356 350 357
520 343 344 359
521 352 343 359
522 344 345 359
523 351 352 359
524 358 351 359
525 355 356 360
526 356 357 360
527 360 357 361
528 361 357 362
529 340 351 363
530 351 358 363
531 358 359 364
532 363 358 364
533 361 362 365
534 365 362 366
535 364 359 368
536 363 364 368
537 367 363 368
538 365 366 369
539 369 366 370
540 370 366 371
541 367 368 373
542 372 367 373
543 369 370 374
544 370 371 374
545 374 371 375
546 372 373 376
547 374 375 377
548 375 371 378
549 377 375 378
550 372 376 379
551 368 359 380
552 373 368 380
553 376 373 380
554 379 376 380
555 374 377 381
556 377 378 381
557 381 378 382
558 372 379 383
559 379 380 384
560 383 379 384
561 381 382 385
562 385 382 386
563 383 384 387
564 385 386 388
565 383 387 389
566 384 380 390
567 387 384 390
568 389 387 390
569 385 388 391
570 389 390 392
571 381 385 393
572 385 391 393
573 392 390 394
574 389 392 396
575 392 394 396
576 394 390 397
577 396 394 397
578 389 396 399
579 396 397 400
580 399 396 400
581 381 393 401
582 393 395 401
583 395 398 401
584 401 398 402
585 389 399 403
586 399 400 404
587 403 399 404
588 381 401 405
589 401 402 406
590 405 401 406
591 403 404 407
592 405 406 408
593 403 407 409
594 404 400 410
595 407 404 410
596 409 407 410
597 405 408 411
598 411 408 412
599 406 402 413
600 408 406 413
601 412 408 413
602 409 410 415
603 414 409 415
604 411 412 417
605 416 411 417
606 412 413 417
607 403 409 418
608 409 414 418
609 418 414 419
610 414 415 420
611 419 414 420
612 411 416 421
613 416 417 422
614 421 416 422
615 418 419 424
616 423 418 424
617 419 420 425
618 424 419 425
619 426 421 427
620 417 413 428
621 422 417 428
622 421 422 428
623 427 421 428
624 423 424 429
625 424 425 429
626 430 426 431
627 426 427 432
628 431 426 432
629 427 428 432
630 429 425 433
631 430 431 435
632 434 430 435
633 431 432 435
634 433 425 436
635 430 434 437
636 434 435 438
637 437 434 438
638 425 420 439
639 436 425 439
640 390 380 440
641 397 390 440
642 440 437 441
643 438 435 442
644 437 438 442
645 441 437 442
646 423 429 443
647 429 433 443
648 433 436 443
649 436 439 443
650 397 440 444
651 440 441 445
652 444 440 445
653 441 442 445
654 443 439 446
655 400 397 447
656 397 444 447
657 410 400 447
658 445 442 448
659 444 445 448
660 447 444 448
661 446 439 449
662 447 448 450
663 449 439 451
664 415 410 452
665 410 447 452
666 447 450 452
667 448 442 453
668 450 448 453
669 452 450 453
670 452 453 455
671 455 453 457
672 451 439 459
673 454 451 459
674 456 454 459
675 458 456 459
676 457 453 460
677 458 459 461
678 453 442 462
679 460 453 462
680 458 461 463
681 459 439 464
682 461 459 464
683 463 461 464
684 452 455 465
685 455 457 465
686 457 460 465
687 460 462 465
688 435 432 466
689 442 435 466
690 462 442 466
691 465 462 466
692 463 464 467
693 465 466 468
694 463 467 469
695 467 464 470
696 469 467 470
697 468 466 471
698 469 470 472
699 470 464 473
700 472 470 473
701 465 468 474
702 468 471 474
703 471 466 475
704 474 471 475
705 472 473 483
706 483 473 484
707 473 464 485
708 484 473 485
709 465 474 486
710 474 475 487
711 486 474 487
712 476 477 488
713 477 478 488
714 478 479 488
715 480 481 489
716 481 482 489
717 489 482 490
718 490 482 491
719 483 484 492
720 484 485 492
721 492 485 493
722 493 485 494
723 494 485 495
724 420 415 496
725 415 452 496
726 439 420 496
727 464 439 496
728 485 464 496
729 495 485 496
730 452 465 496
731 465 486 497
732 497 486 498
733 486 487 499
734 498 486 499
735 479 480 500
736 488 479 500
737 476 488 500
738 480 489 500
739 489 490 501
740 500 489 501
741 490 491 501
742 501 491 502
743 492 493 503
744 493 494 503
745 494 495 503
746 495 496 503
747 503 496 504
748 504 496 505
749 505 496 506
750 496 465 507
751 506 496 507
752 507 465 508
753 465 497 509
754 508 465 509
755 509 497 510
756 510 497 511
757 511 497 512
758 497 498 513
759 512 497 513
760 498 499 513
761 476 500 514
762 500 501 514
763 501 502 515
764 476 514 516
765 501 515 517
766 502 491 518
767 515 502 518
768 517 515 518
769 514 501 519
770 516 514 519
771 517 518 520
772 516 519 521
773 501 517 522
774 519 501 522
775 517 520 522
776 520 518 523
777 522 520 523
778 476 516 524
779 516 521 524
780 522 523 525
781 476 524 526
782 521 519 527
783 524 521 527
784 526 524 527
785 522 525 528
786 526 527 529
787 519 522 530
788 522 528 530
789 527 519 530
790 525 523 531
791 528 525 531
792 530 528 531
793 526 529 532
794 530 531 533
795 526 532 534
796 529 527 535
797 532 529 535
798 534 532 535
799 530 533 536
800 526 534 537
801 534 535 538
802 537 534 538
803 527 530 539
804 530 536 539
805 535 527 539
806 537 538 540
807 539 536 541
808 533 531 542
809 536 533 542
810 541 536 542
811 537 540 543
812 538 535 544
813 535 539 544
814 540 538 544
815 539 541 544
816 543 540 544
817 541 542 545
818 545 542 546
819 537 543 547
820 543 544 548
821 547 543 548
822 545 546 549
823 549 546 550
824 550 546 551
825 542 531 552
826 546 542 552
827 551 546 552
828 531 523 552
829 547 548 553
830 549 550 554
831 550 551 554
832 551 552 554
833 554 552 555
834 555 552 556
835 547 553 557
836 544 541 558
837 541 545 558
838 548 544 558
839 545 549 558
840 553 548 558
841 557 553 558
842 554 555 559
843 555 556 559
844 559 556 560
845 560 556 561
846 552 523 562
847 556 552 562
848 561 556 562
849 557 558 563
850 559 560 564
851 560 561 564
852 561 562 564
853 564 562 565
854 565 562 566
855 566 562 567
856 557 563 568
857 564 565 569
858 565 566 569
859 566 567 569
860 569 567 570
861 570 567 571
862 557 568 572
863 558 549 573
864 563 558 573
865 568 563 573
866 572 568 573
867 569 570 574
868 570 571 574
869 574 571 575
870 571 567 576
871 575 571 576
872 572 573 577
873 575 576 578
874 578 576 579
875 579 576 580
876 572 577 581
877 578 579 582
878 579 580 582
879 582 580 583
880 583 580 584
881 573 549 586
882 577 573 586
883 581 577 586
884 585 581 586
885 582 583 587
886 583 584 587
887 587 584 588
888 585 586 589
889 587 588 590
890 582 587 590
891 590 588 591
892 586 549 592
893 589 586 592
894 590 591 593
895 591 588 594
896 593 591 594
897 589 592 595
898 593 594 596
899 590 593 596
900 596 594 597
901 594 588 598
902 597 594 598
903 592 549 600
904 595 592 600
905 599 595 600
906 596 597 601
907 597 598 601
908 601 598 602
909 599 600 603
910 601 602 604
911 549 554 605
912 600 549 605
913 603 600 605
914 596 601 606
915 601 604 606
916 606 604 607
917 599 603 608
918 603 605 608
919 606 607 609
920 602 598 610
921 604 602 610
922 607 604 610
923 609 607 610
924 599 608 611
925 609 610 612
926 606 609 612
927 608 605 613
928 611 608 613
929 612 610 614
930 606 612 614
931 614 610 615
932 611 613 616
933 614 615 617
934 606 614 617
935 617 615 618
936 616 613 619
937 617 618 620
938 620 618 621
939 613 605 622
940 619 613 622
941 620 621 623
942 623 621 624
943 616 619 625
944 619 622 625
945 623 624 626
946 626 624 627
947 625 622 628
948 626 627 629
949 629 627 630
950 625 628 631
951 629 630 632
952 616 625 633
953 625 631 633
954 623 626 634
955 626 629 634
956 629 632 634
957 616 633 635
958 631 628 636
959 633 631 636
960 635 633 636
961 632 630 637
962 634 632 637
963 635 636 638
964 623 634 639
965 634 637 639
966 637 630 640
967 639 637 640
968 638 636 641
969 639 640 642
970 635 638 643
971 638 641 643
972 639 642 644
973 642 640 645
974 644 642 645
975 643 641 646
976 644 645 647
977 635 643 648
978 643 646 648
979 636 628 649
980 641 636 649
981 646 641 649
982 648 646 649
983 644 647 650
984 648 649 651
985 639 644 652
986 644 650 652
987 647 645 653
988 650 647 653
989 652 650 653
990 651 649 654
991 652 653 655
992 648 651 656
993 651 654 656
994 652 655 657
995 656 654 658
996 652 657 659
997 655 653 660
998 657 655 660
999 659 657 660
1000 658 654 661
1001 659 660 662
1002 654 649 663
1003 661 654 663
1004 659 662 664
1005 656 658 665
1006 658 661 665
1007 661 663 665
1008 659 664 666
1009 665 663 667
1010 659 666 668
1011 667 663 669
1012 665 667 671
1013 667 669 671
1014 669 663 672
1015 671 669 672
1016 671 672 674
1017 674 672 676
1018 659 668 677
1019 668 670 677
1020 670 673 677
1021 673 675 677
1022 677 675 678
1023 676 672 679
1024 677 678 680
1025 679 672 681
1026 680 678 682
1027 671 674 683
1028 674 676 683
1029 676 679 683
1030 679 681 683
1031 682 678 684
1032 683 681 685
1033 684 678 686
1034 685 681 687
1035 686 678 688
1036 687 681 689
1037 688 690 694
1038 690 692 694
1039 694 692 695
1040 688 694 697
1041 694 695 698
1042 697 694 698
1043 684 686 700
1044 686 688 700
1045 688 697 700
1046 700 697 701
1047 697 698 702
1048 701 697 702
1049 677 680 704
1050 680 682 704
1051 682 684 704
1052 684 700 704
1053 704 700 705
1054 705 700 706
1055 700 701 707
1056 706 700 707
1057 701 702 707
1058 677 704 709
1059 709 704 710
1060 710 704 711
1061 704 705 712
1062 711 704 712
1063 705 706 712
1064 706 707 712
1065 652 659 714
1066 659 677 714
1067 677 709 714
1068 714 709 715
1069 715 709 716
1070 709 710 717
1071 716 709 717
1072 710 711 717
1073 711 712 717
1074 620 623 719
1075 623 639 719
1076 639 652 719
1077 652 714 719
1078 719 714 720
1079 720 714 721
1080 721 714 722
1081 722 714 723
1082 723 714 724
1083 714 715 725
1084 724 714 725
1085 715 716 725
1086 716 717 725
1087 713 708 727
1088 718 713 727
1089 726 718 727
1090 731 719 732
1091 732 719 733
1092 719 720 734
1093 733 719 734
1094 720 721 734
1095 721 722 734
1096 722 723 734
1097 723 724 734
1098 724 725 734
1099 726 727 735
1100 728 729 742
1101 741 728 742
1102 729 730 742
1103 730 731 742
1104 731 732 742
1105 732 733 742
1106 733 734 742
1107 726 735 743
1108 735 727 744
1109 743 735 744
1110 559 564 745
1111 745 736 746
1112 746 736 747
1113 747 736 748
1114 748 736 749
1115 736 737 750
1116 749 736 750
1117 737 738 750
1118 738 739 750
1119 739 740 750
1120 740 741 750
1121 741 742 750
1122 743 744 751
1123 751 744 752
1124 744 727 753
1125 752 744 753
1126 605 554 754
1127 622 605 754
1128 554 559 754
1129 559 745 755
1130 754 559 755
1131 755 745 756
1132 756 745 757
1133 757 745 758
1134 758 745 759
1135 759 745 760
1136 760 745 761
1137 745 746 762
1138 761 745 762
1139 746 747 762
1140 747 748 762
1141 748 749 762
1142 749 750 762
1143 751 752 763
1144 752 753 763
1145 763 753 764
1146 764 753 765
1147 649 628 766
1148 766 628 767
1149 628 622 768
1150 767 628 768
1151 622 754 769
1152 768 622 769
1153 769 754 770
1154 770 754 771
1155 771 754 772
1156 772 754 773
1157 773 754 774
1158 754 755 775
1159 774 754 775
1160 755 756 775
1161 756 757 775
1162 757 758 775
1163 758 759 775
1164 759 760 775
1165 763 764 776
1166 764 765 776
1167 776 765 777
1168 777 765 778
1169 778 765 779
1170 796 766 797
1171 797 766 798
1172 798 766 799
1173 799 766 800
1174 772 773 801
1175 766 767 801
1176 800 766 801
1177 767 768 801
1178 768 769 801
1179 769 770 801
1180 770 771 801
1181 771 772 801
1182 802 803 810
1183 809 802 810
1184 803 804 810
1185 805 806 811
1186 806 807 811
1187 807 808 811
1188 811 808 812
1189 802 809 813
1190 813 809 814
1191 809 810 815
1192 814 809 815
1193 805 811 816
1194 811 812 816
1195 816 812 817
1196 818 813 819
1197 813 814 820
1198 819 813 820
1199 814 815 820
1200 816 817 821
1201 822 818 823
1202 818 819 824
1203 823 818 824
1204 819 820 824
1205 804 805 825
1206 805 816 825
1207 810 804 825
1208 816 821 825
1209 822 823 827
1210 826 822 827
1211 823 824 827
1212 821 817 828
1213 825 821 828
1214 822 826 829
1215 829 826 830
1216 827 824 831
1217 826 827 831
1218 830 826 831
1219 828 817 832
1220 829 830 834
1221 833 829 834
1222 830 831 834
1223 828 832 835
1224 834 831 837
1225 833 834 837
1226 836 833 837
1227 825 828 838
1228 828 835 838
1229 836 837 840
1230 839 836 840
1231 825 838 841
1232 839 840 843
1233 842 839 843
1234 835 832 845
1235 838 835 845
1236 841 838 845
1237 844 841 845
1238 842 843 847
1239 846 842 847
1240 844 845 848
1241 846 847 849
1242 844 848 850
1243 846 849 851
1244 847 843 852
1245 849 847 852
1246 851 849 852
1247 844 850 853
1248 846 851 854
1249 851 852 855
1250 854 851 855
1251 854 855 857
1252 854 857 859
1253 855 852 860
1254 857 855 860
1255 859 857 860
1256 859 860 862
1257 859 862 864
1258 862 860 865
1259 864 862 865
1260 864 865 867
1261 867 865 869
1262 869 865 871
1263 864 867 873
1264 867 869 873
1265 869 871 873
1266 871 865 874
1267 873 871 874
1268 866 868 875
1269 868 870 875
1270 870 872 875
1271 875 872 876
1272 873 874 877
1273 875 876 878
1274 877 874 879
1275 878 876 880
1276 873 877 881
1277 877 879 881
1278 879 874 882
1279 881 879 882
1280 875 878 883
1281 878 880 883
1282 880 876 884
1283 883 880 884
1284 881 882 885
1285 885 882 886
1286 875 883 887
1287 883 884 888
1288 887 883 888
1289 885 886 889
1290 889 886 890
1291 887 888 891
1292 889 890 892
1293 892 890 893
1294 891 888 894
1295 892 893 895
1296 895 893 896
1297 890 886 897
1298 893 890 897
1299 896 893 897
1300 887 891 898
1301 891 894 898
1302 888 884 899
1303 894 888 899
1304 898 894 899
1305 895 896 900
1306 896 897 900
1307 900 897 901
1308 897 886 902
1309 901 897 902
1310 865 860 903
1311 874 865 903
1312 882 874 903
1313 886 882 903
1314 902 886 903
1315 887 898 904
1316 898 899 905
1317 904 898 905
1318 901 902 906
1319 902 903 906
1320 904 905 907
1321 900 901 908
1322 901 906 908
1323 904 907 909
1324 905 899 910
1325 907 905 910
1326 909 907 910
1327 900 908 911
1328 904 909 912
1329 909 910 913
1330 912 909 913
1331 895 900 914
1332 900 911 914
1333 906 903 915
1334 903 912 915
1335 908 906 915
1336 911 908 915
1337 914 911 915
1338 912 913 916
1339 914 915 917
1340 916 913 918
1341 914 917 919
1342 895 914 921
1343 914 919 921
1344 915 912 922
1345 912 916 922
1346 917 915 922
1347 916 918 922
1348 919 917 922
1349 921 919 922
1350 913 910 924
1351 918 913 924
1352 920 918 924
1353 910 899 924
1354 923 920 924
1355 921 922 925
1356 924 899 926
1357 923 924 926
1358 921 925 927
1359 926 899 928
1360 923 926 928
1361 895 921 929
1362 921 927 929
1363 918 920 930
1364 922 918 930
1365 920 923 930
1366 925 922 930
1367 927 925 930
1368 929 927 930
1369 928 899 931
1370 923 928 931
1371 929 930 932
1372 931 899 933
1373 929 932 934
1374 933 899 935
1375 929 934 936
1376 932 930 937
1377 934 932 937
1378 936 934 937
1379 923 931 938
1380 931 933 938
1381 933 935 938
1382 938 935 939
1383 936 937 940
1384 937 930 941
1385 940 937 941
1386 938 939 942
1387 940 941 943
1388 930 923 944
1389 941 930 944
1390 943 941 944
1391 923 938 945
1392 938 942 945
1393 945 942 946
1394 942 939 947
1395 946 942 947
1396 943 944 948
1397 948 944 949
1398 945 946 951
1399 950 945 951
1400 946 947 951
1401 948 949 952
1402 952 949 953
1403 944 923 954
1404 949 944 954
1405 953 949 954
1406 923 945 955
1407 954 923 955
1408 945 950 955
1409 955 950 956
1410 951 947 957
1411 950 951 957
1412 956 950 957
1413 952 953 958
1414 953 954 958
1415 958 954 959
1416 959 954 960
1417 960 954 961
1418 954 955 962
1419 961 954 962
1420 962 955 963
1421 963 955 964
1422 964 955 965
1423 955 956 966
1424 965 955 966
1425 956 957 966
1426 967 968 976
1427 975 967 976
1428 968 969 976
1429 969 970 976
1430 971 972 977
1431 972 973 977
1432 973 974 977
1433 977 974 978
1434 978 974 979
1435 979 974 980
1436 980 974 981
1437 981 974 982
1438 982 974 983
1439 975 976 985
1440 984 975 985
1441 978 979 986
1442 979 980 986
1443 980 981 986
1444 981 982 986
1445 982 983 986
1446 986 983 987
1447 987 983 988
1448 988 983 989
1449 989 983 990
1450 984 985 992
1451 991 984 992
1452 986 987 993
1453 987 988 993
1454 988 989 993
1455 989 990 993
1456 993 990 994
1457 994 990 995
1458 995 990 996
1459 991 992 998
1460 997 991 998
1461 993 994 999
1462 994 995 999
1463 995 996 999
1464 999 996 1000
1465 1000 996 1001
1466 1001 996 1002
1467 997 998 1003
1468 999 1000 1004
1469 1000 1001 1004
1470 1001 1002 1004
1471 1004 1002 1005
1472 1005 1002 1006
1473 1003 998 1007
1474 1004 1005 1008
1475 1005 1006 1008
1476 1008 1006 1009
1477 1009 1006 1010
1478 1006 1002 1011
1479 1010 1006 1011
1480 997 1003 1012
1481 1003 1007 1012
1482 1012 1007 1013
1483 1008 1009 1014
1484 1009 1010 1014
1485 1010 1011 1014
1486 1014 1011 1015
1487 1015 1011 1016
1488 1012 1013 1017
1489 1017 1013 1018
1490 1013 1007 1019
1491 1018 1013 1019
1492 1015 1016 1020
1493 1014 1015 1020
1494 1020 1016 1021
1495 1021 1016 1022
1496 1017 1018 1023
1497 1018 1019 1024
1498 1023 1018 1024
1499 1021 1022 1025
1500 1020 1021 1025
1501 1012 1017 1026
1502 1017 1023 1026
1503 1023 1024 1027
1504 1026 1023 1027
1505 1027 1024 1028
1506 1014 1020 1029
1507 1020 1025 1029
1508 1025 1022 1030
1509 1029 1025 1030
1510 1026 1027 1031
1511 1027 1028 1032
1512 1031 1027 1032
1513 1029 1030 1033
1514 1031 1032 1034
1515 1008 1014 1035
1516 1014 1029 1035
1517 1029 1033 1035
1518 1033 1030 1036
1519 1035 1033 1036
1520 1031 1034 1037
1521 1035 1036 1038
1522 1031 1037 1039
1523 978 986 1040
1524 1034 1032 1040
1525 1037 1034 1040
1526 1039 1037 1040
1527 1035 1038 1041
1528 1040 986 1042
1529 1039 1040 1042
1530 1008 1035 1043
1531 1035 1041 1043
1532 1038 1036 1044
1533 1041 1038 1044
1534 1043 1041 1044
1535 1039 1042 1045
1536 986 993 1045
1537 1042 986 1045
1538 1043 1044 1046
1539 1039 1045 1047
1540 1045 993 1047
1541 1043 1046 1048
1542 1031 1039 1049
1543 1039 1047 1049
1544 993 999 1049
1545 1047 993 1049
1546 1043 1048 1050
1547 1031 1049 1051
1548 1049 999 1051
1549 1043 1050 1052
1550 1031 1051 1053
1551 1051 999 1053
1552 1008 1043 1054
1553 1043 1052 1054
1554 1031 1053 1055
1555 1008 1054 1056
1556 1031 1055 1057
1557 1008 1056 1058
1558 1031 1057 1059
1559 1031 1059 1061
1560 1031 1061 1063
1561 1031 1063 1065
1562 999 1004 1066
1563 1053 999 1066
1564 1055 1053 1066
1565 1004 1008 1066
1566 1057 1055 1066
1567 1008 1058 1066
1568 1059 1057 1066
1569 1058 1060 1066
1570 1061 1059 1066
1571 1063 1061 1066
1572 1065 1063 1066
1573 1065 1066 1068
1574 1065 1068 1070
1575 1065 1070 1072
1576 1065 1072 1074
1577 1065 1074 1076
1578 1065 1076 1078
1579 1069 1071 1079
1580 1071 1073 1079
1581 1073 1075 1079
1582 1075 1077 1079
1583 1079 1077 1080
1584 1065 1078 1081
1585 1079 1080 1082
1586 1065 1081 1083
1587 1074 1072 1084
1588 1076 1074 1084
1589 1078 1076 1084
1590 1081 1078 1084
1591 1083 1081 1084
1592 1079 1082 1085
1593 1082 1080 1086
1594 1085 1082 1086
1595 1083 1084 1087
1596 1085 1086 1088
1597 1083 1087 1089
1598 1069 1079 1090
1599 1079 1085 1090
1600 1085 1088 1090
1601 1090 1088 1091
1602 1083 1089 1092
1603 1090 1091 1093
1604 1083 1092 1094
1605 1069 1090 1095
1606 1090 1093 1095
1607 1095 1093 1096
1608 1093 1091 1097
1609 1096 1093 1097
1610 1083 1094 1098
1611 1062 1064 1099
1612 1067 1069 1099
1613 1069 1095 1099
1614 1064 1067 1099
1615 1099 1095 1100
1616 1100 1095 1101
1617 1095 1096 1102
1618 1101 1095 1102
1619 1096 1097 1102
1620 1083 1098 1103
1621 1094 1092 1104
1622 1098 1094 1104
1623 1103 1098 1104
1624 1060 1062 1105
1625 1062 1099 1105
1626 1066 1060 1105
1627 1105 1099 1106
1628 1106 1099 1107
1629 1099 1100 1108
1630 1107 1099 1108
1631 1100 1101 1108
1632 1101 1102 1108
1633 1103 1104 1109
1634 1092 1089 1110
1635 1104 1092 1110
1636 1109 1104 1110
1637 1068 1066 1111
1638 1066 1105 1111
1639 1070 1068 1111
1640 1111 1105 1112
1641 1112 1105 1113
1642 1105 1106 1114
1643 1113 1105 1114
1644 1106 1107 1114
1645 1107 1108 1114
1646 1109 1110 1115
1647 1072 1070 1116
1648 1070 1111 1116
1649 1084 1072 1116
1650 1116 1111 1117
1651 1117 1111 1118
1652 1118 1111 1119
1653 1111 1112 1120
1654 1119 1111 1120
1655 1112 1113 1120
1656 1113 1114 1120
1657 1103 1109 1121
1658 1109 1115 1121
1659 1115 1110 1122
1660 1121 1115 1122
1661 1122 1110 1123
1662 1123 1110 1124
1663 1124 1110 1125
1664 1089 1087 1126
1665 1110 1089 1126
1666 1125 1110 1126
1667 1087 1084 1127
1668 1126 1087 1127
1669 1127 1084 1128
1670 1084 1116 1129
1671 1128 1084 1129
1672 1129 1116 1130
1673 1130 1116 1131
1674 1131 1116 1132
1675 1132 1116 1133
1676 1116 1117 1134
1677 1133 1116 1134
1678 1117 1118 1134
1679 1118 1119 1134
1680 1119 1120 1134
1681 1143 1135 1144
1682 1144 1135 1145
1683 1135 1136 1146
1684 1145 1135 1146
1685 1136 1137 1146
1686 1137 1138 1146
1687 1138 1139 1146
1688 1139 1140 1147
1689 1146 1139 1147
1690 1140 1141 1147
1691 1141 1142 1147
1692 1147 1142 1148
1693 1148 1142 1149
1694 1143 1144 1151
1695 1150 1143 1151
1696 1144 1145 1151
1697 1145 1146 1151
1698 1146 1147 1152
1699 1147 1148 1152
1700 1148 1149 1152
1701 1152 1149 1153
1702 1153 1149 1154
1703 1150 1151 1155
1704 1152 1153 1156
1705 1153 1154 1156
1706 1156 1154 1157
1707 1157 1154 1158
1708 1151 1146 1160
1709 1155 1151 1160
1710 1159 1155 1160
1711 1156 1157 1161
1712 1157 1158 1161
1713 1161 1158 1162
1714 1162 1158 1163
1715 1159 1160 1164
1716 1161 1162 1165
1717 1162 1163 1165
1718 1165 1163 1166
1719 1159 1164 1167
1720 1161 1165 1168
1721 1165 1166 1168
1722 1168 1166 1169
1723 1167 1164 1182
1724 1161 1168 1183
1725 1168 1169 1183
1726 1183 1169 1184
1727 1170 1171 1185
1728 1171 1172 1185
1729 1172 1173 1185
1730 1176 1177 1186
1731 1177 1178 1186
1732 1178 1179 1186
1733 1179 1180 1186
1734 1180 1181 1186
1735 1186 1181 1187
1736 1187 1181 1188
1737 1167 1182 1189
1738 1146 1152 1190
1739 1160 1146 1190
1740 1164 1160 1190
1741 1182 1164 1190
1742 1189 1182 1190
1743 1183 1184 1191
1744 1191 1184 1192
1745 1170 1185 1194
1746 1193 1170 1194
1747 1173 1174 1195
1748 1185 1173 1195
1749 1174 1175 1195
1750 1175 1176 1195
1751 1194 1185 1195
1752 1176 1186 1195
1753 1186 1187 1196
1754 1187 1188 1196
1755 1196 1188 1197
1756 1189 1190 1198
1757 1191 1192 1199
1758 1193 1194 1201
1759 1200 1193 1201
1760 1194 1195 1201
1761 1186 1196 1202
1762 1196 1197 1202
1763 1202 1197 1203
1764 1198 1190 1204
1765 1199 1192 1205
1766 1201 1195 1207
1767 1200 1201 1207
1768 1206 1200 1207
1769 1202 1203 1208
1770 1203 1197 1209
1771 1208 1203 1209
1772 1204 1190 1210
1773 1183 1191 1211
1774 1191 1199 1211
1775 1199 1205 1211
1776 1205 1192 1212
1777 1211 1205 1212
1778 1207 1195 1214
1779 1206 1207 1214
1780 1213 1206 1214
1781 1202 1208 1215
1782 1208 1209 1215
1783 1215 1209 1216
1784 1210 1190 1217
1785 1211 1212 1218
1786 1213 1214 1219
1787 1202 1215 1220
1788 1215 1216 1220
1789 1220 1216 1221
1790 1190 1152 1222
1791 1217 1190 1222
1792 1211 1218 1223
1793 1213 1219 1224
1794 1220 1221 1225
1795 1225 1221 1226
1796 1152 1156 1227
1797 1222 1152 1227
1798 1183 1211 1228
1799 1211 1223 1228
1800 1218 1212 1229
1801 1223 1218 1229
1802 1228 1223 1229
1803 1213 1224 1230
1804 1195 1186 1231
1805 1186 1202 1231
1806 1214 1195 1231
1807 1219 1214 1231
1808 1224 1219 1231
1809 1230 1224 1231
1810 1225 1226 1232
1811 1220 1225 1232
1812 1232 1226 1233
1813 1227 1156 1234
1814 1228 1229 1235
1815 1230 1231 1236
1816 1232 1233 1237
1817 1220 1232 1237
1818 1237 1233 1238
1819 1238 1233 1239
1820 1156 1161 1240
1821 1234 1156 1240
1822 1228 1235 1241
1823 1230 1236 1242
1824 1202 1220 1243
1825 1231 1202 1243
1826 1236 1231 1243
1827 1242 1236 1243
1828 1237 1238 1244
1829 1238 1239 1244
1830 1244 1239 1245
1831 1240 1161 1246
1832 1228 1241 1247
1833 1242 1243 1248
1834 1244 1245 1249
1835 1237 1244 1249
1836 1249 1245 1250
1837 1227 1234 1251
1838 1234 1240 1251
1839 1240 1246 1251
1840 1251 1246 1252
1841 1228 1247 1253
1842 1242 1248 1254
1843 1243 1220 1255
1844 1248 1243 1255
1845 1254 1248 1255
1846 1249 1250 1256
1847 1251 1252 1257
1848 1254 1255 1259
1849 1257 1252 1262
1850 1261 1257 1262
1851 1259 1255 1264
1852 1249 1256 1265
1853 1256 1260 1265
1854 1265 1260 1266
1855 1261 1262 1267
1856 1267 1262 1268
1857 1228 1253 1269
1858 1253 1258 1269
1859 1258 1263 1269
1860 1269 1263 1270
1861 1254 1259 1271
1862 1259 1264 1271
1863 1255 1220 1272
1864 1264 1255 1272
1865 1271 1264 1272
1866 1265 1266 1273
1867 1273 1266 1274
1868 1266 1260 1275
1869 1274 1266 1275
1870 1257 1261 1276
1871 1261 1267 1276
1872 1267 1268 1277
1873 1276 1267 1277
1874 1269 1270 1278
1875 1271 1272 1279
1876 1273 1274 1280
1877 1274 1275 1280
1878 1280 1275 1281
1879 1251 1257 1282
1880 1257 1276 1282
1881 1276 1277 1283
1882 1282 1276 1283
1883 1277 1268 1284
1884 1283 1277 1284
1885 1269 1278 1285
1886 1278 1270 1286
1887 1285 1278 1286
1888 1279 1272 1287
1889 1280 1281 1288
1890 1273 1280 1288
1891 1282 1283 1289
1892 1284 1268 1290
1893 1283 1284 1290
1894 1289 1283 1290
1895 1161 1183 1291
1896 1246 1161 1291
1897 1183 1228 1291
1898 1228 1269 1291
1899 1269 1285 1291
1900 1285 1286 1292
1901 1291 1285 1292
1902 1287 1272 1293
1903 1288 1281 1294
1904 1294 1281 1295
1905 1289 1290 1296
1906 1290 1268 1297
1907 1296 1290 1297
1908 1291 1292 1298
1909 1293 1272 1299
1910 1294 1295 1300
1911 1296 1297 1301
1912 1291 1298 1302
1913 1298 1292 1303
1914 1302 1298 1303
1915 1299 1272 1304
1916 1300 1295 1305
1917 1301 1297 1306
1918 1252 1246 1307
1919 1246 1291 1307
1920 1262 1252 1307
1921 1291 1302 1307
1922 1268 1262 1307
1923 1302 1303 1308
1924 1307 1302 1308
1925 1271 1279 1309
1926 1279 1287 1309
1927 1287 1293 1309
1928 1293 1299 1309
1929 1299 1304 1309
1930 1220 1237 1310
1931 1272 1220 1310
1932 1304 1272 1310
1933 1309 1304 1310
1934 1294 1300 1311
1935 1300 1305 1311
1936 1305 1295 1312
1937 1311 1305 1312
1938 1306 1297 1313
1939 1307 1308 1314
1940 1309 1310 1315
1941 1311 1312 1316
1942 1312 1295 1317
1943 1316 1312 1317
1944 1313 1297 1318
1945 1297 1268 1319
1946 1268 1307 1319
1947 1307 1314 1319
1948 1314 1308 1320
1949 1319 1314 1320
1950 1315 1310 1321
1951 1316 1317 1322
1952 1317 1295 1323
1953 1322 1317 1323
1954 1318 1297 1324
1955 1319 1320 1325
1956 1320 1308 1326
1957 1325 1320 1326
1958 1308 1303 1327
1959 1326 1308 1327
1960 1321 1310 1328
1961 1322 1323 1329
1962 1325 1326 1331
1963 1326 1327 1331
1964 1331 1327 1332
1965 1292 1286 1333
1966 1303 1292 1333
1967 1327 1303 1333
1968 1332 1327 1333
1969 1328 1310 1334
1970 1322 1329 1335
1971 1331 1332 1337
1972 1332 1333 1337
1973 1286 1270 1338
1974 1333 1286 1338
1975 1337 1333 1338
1976 1334 1310 1339
1977 1316 1322 1340
1978 1322 1335 1340
1979 1329 1323 1341
1980 1335 1329 1341
1981 1340 1335 1341
1982 1324 1297 1343
1983 1330 1324 1343
1984 1336 1330 1343
1985 1342 1336 1343
1986 1337 1338 1344
1987 1340 1341 1346
1988 1342 1343 1347
1989 1331 1337 1348
1990 1337 1344 1348
1991 1340 1346 1350
1992 1342 1347 1351
1993 1331 1348 1352
1994 1342 1351 1355
1995 1340 1350 1358
1996 1350 1354 1358
1997 1358 1354 1359
1998 1342 1355 1360
1999 1358 1359 1363
2000 1342 1360 1364
2001 1355 1351 1365
2002 1360 1355 1365
2003 1364 1360 1365
2004 1331 1352 1366
2005 1352 1356 1366
2006 1356 1361 1366
2007 1366 1361 1367
2008 1358 1363 1369
2009 1363 1359 1370
2010 1369 1363 1370
2011 1364 1365 1371
2012 1365 1351 1372
2013 1371 1365 1372
2014 1366 1367 1373
2015 1311 1316 1375
2016 1316 1340 1375
2017 1340 1358 1375
2018 1358 1369 1375
2019 1369 1370 1376
2020 1375 1369 1376
2021 1371 1372 1377
2022 1377 1372 1378
2023 1378 1372 1379
2024 1351 1347 1380
2025 1372 1351 1380
2026 1379 1372 1380
2027 1347 1343 1381
2028 1380 1347 1381
2029 1381 1343 1382
2030 1382 1343 1383
2031 1297 1319 1384
2032 1343 1297 1384
2033 1383 1343 1384
2034 1331 1366 1385
2035 1366 1373 1385
2036 1385 1373 1386
2037 1373 1367 1387
2038 1386 1373 1387
2039 1311 1375 1389
2040 1375 1376 1389
2041 1381 1382 1390
2042 1382 1383 1390
2043 1383 1384 1390
2044 1390 1384 1391
2045 1391 1384 1392
2046 1392 1384 1393
2047 1384 1319 1394
2048 1393 1384 1394
2049 1319 1325 1395
2050 1325 1331 1396
2051 1395 1325 1396
2052 1331 1385 1396
2053 1396 1385 1397
2054 1397 1385 1398
2055 1385 1386 1399
2056 1398 1385 1399
2057 1386 1387 1399
2058 1389 1376 1402
2059 1401 1389 1402
2060 1390 1391 1403
2061 1391 1392 1403
2062 1392 1393 1403
2063 1393 1394 1403
2064 1403 1394 1404
2065 1404 1394 1405
2066 1394 1319 1406
2067 1405 1394 1406
2068 1406 1319 1407
2069 1407 1319 1408
2070 1408 1319 1409
2071 1319 1395 1410
2072 1409 1319 1410
2073 1410 1395 1411
2074 1411 1395 1412
2075 1412 1395 1413
2076 1395 1396 1414
2077 1413 1395 1414
2078 1396 1397 1414
2079 1397 1398 1414
2080 1398 1399 1414
2081 1353 1357 1415
2082 1357 1362 1415
2083 1362 1368 1415
2084 1368 1374 1415
2085 1374 1388 1415
2086 1388 1400 1415
2087 1415 1400 1416
2088 1400 1388 1417
2089 1416 1400 1417
2090 1374 1368 1418
2091 1388 1374 1418
2092 1417 1388 1418
2093 1311 1389 1419
2094 1389 1401 1419
2095 1419 1401 1420
2096 1401 1402 1421
2097 1420 1401 1421
2098 1415 1416 1422
2099 1416 1417 1422
2100 1417 1418 1422
2101 1422 1418 1423
2102 1423 1418 1424
2103 1362 1357 1425
2104 1368 1362 1425
2105 1418 1368 1425
2106 1357 1353 1425
2107 1424 1418 1425
2108 1273 1288 1426
2109 1288 1294 1426
2110 1294 1311 1426
2111 1311 1419 1426
2112 1426 1419 1427
2113 1419 1420 1428
2114 1427 1419 1428
2115 1420 1421 1428
2116 1422 1423 1429
2117 1423 1424 1429
2118 1424 1425 1429
2119 1429 1425 1430
2120 1339 1310 1431
2121 1345 1339 1431
2122 1349 1345 1431
2123 1353 1349 1431
2124 1425 1353 1431
2125 1430 1425 1431
2126 1426 1427 1433
2127 1432 1426 1433
2128 1427 1428 1433
2129 1429 1430 1434
2130 1430 1431 1434
2131 1310 1237 1435
2132 1431 1310 1435
2133 1434 1431 1435
2134 1273 1426 1436
2135 1426 1432 1436
2136 1436 1432 1437
2137 1433 1428 1438
2138 1432 1433 1438
2139 1437 1432 1438
2140 1434 1435 1439
2141 1237 1249 1440
2142 1249 1265 1440
2143 1265 1273 1440
2144 1273 1436 1440
2145 1435 1237 1440
2146 1440 1436 1441
2147 1436 1437 1442
2148 1441 1436 1442
2149 1437 1438 1442
2150 1429 1434 1443
2151 1434 1439 1443
2152 1435 1440 1444
2153 1440 1441 1445
2154 1444 1440 1445
2155 1441 1442 1445
2156 1422 1429 1446
2157 1429 1443 1446
2158 1439 1435 1447
2159 1443 1439 1447
2160 1446 1443 1447
2161 1435 1444 1448
2162 1447 1435 1448
2163 1444 1445 1449
2164 1448 1444 1449
2165 1446 1447 1450
2166 1448 1449 1451
2167 1449 1445 1452
2168 1451 1449 1452
2169 1446 1450 1453
2170 1451 1452 1454
2171 1445 1442 1455
2172 1452 1445 1455
2173 1442 1438 1455
2174 1454 1452 1455
2175 1446 1453 1456
2176 1455 1438 1457
2177 1454 1455 1457
2178 1422 1446 1458
2179 1446 1456 1458
2180 1457 1438 1459
2181 1454 1457 1459
2182 1456 1453 1461
2183 1458 1456 1461
2184 1460 1458 1461
2185 1451 1454 1462
2186 1454 1459 1462
2187 1460 1461 1463
2188 1450 1447 1464
2189 1453 1450 1464
2190 1461 1453 1464
2191 1463 1461 1464
2192 1451 1462 1465
2193 1463 1464 1466
2194 1460 1463 1468
2195 1463 1466 1468
2196 1466 1464 1469
2197 1468 1466 1469
2198 1468 1469 1471
2199 1471 1469 1472
2200 1464 1447 1473
2201 1469 1464 1473
2202 1472 1469 1473
2203 1471 1472 1475
2204 1472 1473 1475
2205 1475 1473 1476
2206 1467 1470 1477
2207 1470 1474 1477
2208 1475 1476 1478
2209 1478 1476 1479
2210 1447 1448 1480
2211 1473 1447 1480
2212 1476 1473 1480
2213 1479 1476 1480
2214 1467 1477 1481
2215 1477 1474 1482
2216 1481 1477 1482
2217 1478 1479 1483
2218 1479 1480 1483
2219 1483 1480 1484
2220 1484 1480 1485
2221 1485 1480 1486
2222 1486 1480 1487
2223 1448 1451 1488
2224 1480 1448 1488
2225 1487 1480 1488
2226 1451 1465 1489
2227 1465 1467 1489
2228 1467 1481 1490
2229 1489 1467 1490
2230 1490 1481 1491
2231 1491 1481 1492
2232 1481 1482 1493
2233 1492 1481 1493
2234 1483 1484 1494
2235 1484 1485 1494
2236 1485 1486 1494
2237 1486 1487 1494
2238 1487 1488 1494
2239 1494 1488 1495
2240 1495 1488 1496
2241 1496 1488 1497
2242 1488 1451 1498
2243 1497 1488 1498
2244 1498 1451 1499
2245 1451 1489 1500
2246 1499 1451 1500
2247 1500 1489 1501
2248 1501 1489 1502
2249 1502 1489 1503
2250 1489 1490 1504
2251 1503 1489 1504
2252 1490 1491 1504
2253 1491 1492 1504
2254 1492 1493 1504
2255 26 25 1506
2256 27 26 1506
2257 28 27 1506
2258 29 28 1506
2259 30 29 1506
2260 0 31 1506
2261 31 30 1506
2262 25 24 1506
2263 1 0 1507
2264 0 1506 1507
2265 2 1 1507
2266 72 100 1517
2267 100 128 1517
2268 128 135 1517
2269 135 141 1517
2270 141 147 1517
2271 147 155 1517
2272 155 160 1517
2273 160 165 1517
2274 1505 1506 1517
2275 39 52 1518
2276 52 57 1518
2277 20 19 1518
2278 21 20 1518
2279 22 21 1518
2280 23 22 1518
2281 24 23 1518
2282 1506 24 1518
2283 19 39 1518
2284 57 62 1518
2285 62 69 1518
2286 69 72 1518
2287 72 1517 1518
2288 1517 1506 1518
2289 16 11 1519
2290 17 16 1519
2291 18 17 1519
2292 37 18 1519
2293 38 37 1519
2294 3 2 1519
2295 2 1507 1519
2296 4 3 1519
2297 5 4 1519
2298 6 5 1519
2299 7 6 1519
2300 8 7 1519
2301 9 8 1519
2302 10 9 1519
2303 11 10 1519
2304 51 38 1519
2305 1507 1508 1519
2306 56 51 1519
2307 143 136 1520
2308 74 66 1520
2309 66 61 1520
2310 130 124 1520
2311 136 130 1520
2312 109 101 1520
2313 117 109 1520
2314 124 117 1520
2315 101 90 1520
2316 90 76 1520
2317 76 74 1520
2318 1508 1509 1520
2319 61 56 1520
2320 56 1519 1520
2321 1519 1508 1520
2322 1509 1510 1521
2323 1520 1509 1521
2324 1510 1511 1522
2325 1521 1510 1522
2326 1511 1512 1523
2327 1522 1511 1523
2328 1512 1513 1524
2329 162 167 1524
2330 1523 1512 1524
2331 91 102 1525
2332 102 110 1525
2333 118 125 1525
2334 125 137 1525
2335 137 149 1525
2336 77 91 1525
2337 110 118 1525
2338 1513 1514 1525
2339 149 157 1525
2340 157 162 1525
2341 162 1524 1525
2342 1524 1513 1525
2343 107 88 1526
2344 115 107 1526
2345 122 115 1526
2346 78 77 1526
2347 79 78 1526
2348 80 79 1526
2349 81 80 1526
2350 82 81 1526
2351 83 82 1526
2352 84 83 1526
2353 85 84 1526
2354 86 85 1526
2355 87 86 1526
2356 88 87 1526
2357 134 122 1526
2358 1514 1515 1526
2359 154 134 1526
2360 77 1525 1526
2361 1525 1514 1526
2362 1515 1516 1527
2363 159 154 1527
2364 154 1526 1527
2365 164 159 1527
2366 168 164 1527
2367 1526 1515 1527
2368 1527 1516 1528
2369 186 198 1529
2370 165 169 1529
2371 1517 165 1529
2372 169 174 1529
2373 174 181 1529
2374 181 186 1529
2375 284 295 1530
2376 295 312 1530
2377 312 319 1530
2378 274 284 1530
2379 265 274 1530
2380 249 265 1530
2381 230 236 1530
2382 236 243 1530
2383 243 249 1530
2384 211 230 1530
2385 198 211 1530
2386 1529 198 1530
2387 233 214 1531
2388 246 233 1531
2389 252 246 1531
2390 260 252 1531
2391 269 260 1531
2392 278 269 1531
2393 289 278 1531
2394 299 289 1531
2395 318 299 1531
2396 339 318 1531
2397 338 339 1531
2398 337 338 1531
2399 333 334 1531
2400 334 335 1531
2401 335 336 1531
2402 336 337 1531
2403 340 363 1532
2404 171 143 1532
2405 143 1520 1532
2406 201 171 1532
2407 1520 1521 1532
2408 214 201 1532
2409 1531 214 1532
2410 362 357 1533
2411 357 350 1533
2412 366 362 1533
2413 1521 1522 1533
2414 371 366 1533
2415 341 340 1533
2416 340 1532 1533
2417 342 341 1533
2418 343 342 1533
2419 344 343 1533
2420 345 344 1533
2421 346 345 1533
2422 347 346 1533
2423 348 347 1533
2424 349 348 1533
2425 350 349 1533
2426 1532 1521 1533
2427 1522 1523 1534
2428 1533 1522 1534
2429 378 371 1534
2430 371 1533 1534
2431 1523 1524 1535
2432 1534 1523 1535
2433 1524 167 1536
2434 1535 1524 1536
2435 176 189 1537
2436 189 195 1537
2437 202 215 1537
2438 215 261 1537
2439 261 270 1537
2440 195 202 1537
2441 270 279 1537
2442 300 301 1537
2443 279 290 1537
2444 290 300 1537
2445 167 176 1537
2446 1536 167 1537
2447 294 283 1538
2448 311 294 1538
2449 283 273 1538
2450 273 264 1538
2451 264 256 1538
2452 242 223 1538
2453 223 205 1538
2454 192 180 1538
2455 205 192 1538
2456 256 242 1538
2457 173 168 1539
2458 168 1527 1539
2459 180 173 1539
2460 1538 180 1539
2461 1527 1528 1539
2462 1539 1528 1540
2463 1529 1530 1541
2464 319 320 1542
2465 1530 319 1542
2466 320 321 1542
2467 321 322 1542
2468 322 323 1542
2469 1541 1530 1542
2470 331 332 1543
2471 332 333 1543
2472 333 1531 1543
2473 1531 1532 1543
2474 325 326 1543
2475 326 327 1543
2476 327 328 1543
2477 328 329 1543
2478 329 330 1543
2479 330 331 1543
2480 323 324 1543
2481 1542 323 1543
2482 324 325 1543
2483 383 389 1544
2484 389 403 1544
2485 403 418 1544
2486 418 423 1544
2487 423 443 1544
2488 363 367 1544
2489 1532 363 1544
2490 367 372 1544
2491 372 383 1544
2492 1543 1532 1544
2493 443 446 1544
2494 446 449 1544
2495 449 451 1544
2496 451 454 1544
2497 454 456 1544
2498 456 458 1544
2499 345 346 1545
2500 346 353 1545
2501 359 345 1545
2502 353 354 1545
2503 354 355 1545
2504 355 360 1545
2505 360 361 1545
2506 361 365 1545
2507 365 369 1545
2508 374 381 1545
2509 381 405 1545
2510 369 374 1545
2511 405 411 1545
2512 411 421 1545
2513 421 426 1545
2514 426 430 1545
2515 430 437 1545
2516 380 359 1545
2517 440 380 1545
2518 437 440 1545
2519 393 391 1546
2520 395 393 1546
2521 398 395 1546
2522 402 398 1546
2523 413 402 1546
2524 388 386 1546
2525 391 388 1546
2526 382 378 1546
2527 378 1534 1546
2528 386 382 1546
2529 1534 1535 1546
2530 482 481 1547
2531 477 476 1547
2532 478 477 1547
2533 479 478 1547
2534 480 479 1547
2535 481 480 1547
2536 1535 1536 1547
2537 476 526 1547
2538 526 537 1547
2539 1546 1535 1547
2540 523 518 1548
2541 562 523 1548
2542 567 562 1548
2543 576 567 1548
2544 518 491 1548
2545 491 482 1548
2546 580 576 1548
2547 1536 1537 1548
2548 584 580 1548
2549 588 584 1548
2550 482 1547 1548
2551 1547 1536 1548
2552 301 302 1549
2553 1537 301 1549
2554 302 303 1549
2555 303 304 1549
2556 304 305 1549
2557 305 306 1549
2558 306 307 1549
2559 307 308 1549
2560 598 588 1549
2561 588 1548 1549
2562 1548 1537 1549
2563 308 309 1550
2564 1549 308 1550
2565 309 310 1550
2566 310 311 1550
2567 311 1538 1550
2568 1538 1539 1550
2569 1539 1540 1551
2570 1550 1539 1551
2571 1551 1540 1552
2572 1541 1542 1553
2573 1542 1543 1554
2574 1553 1542 1554
2575 1543 1544 1555
2576 1554 1543 1555
2577 492 503 1556
2578 469 472 1556
2579 472 483 1556
2580 483 492 1556
2581 463 469 1556
2582 458 463 1556
2583 1544 458 1556
2584 1555 1544 1556
2585 432 428 1557
2586 466 432 1557
2587 428 413 1557
2588 475 466 1557
2589 487 475 1557
2590 499 487 1557
2591 513 499 1557
2592 503 504 1557
2593 1556 503 1557
2594 504 505 1557
2595 505 506 1557
2596 506 507 1557
2597 507 508 1557
2598 508 509 1557
2599 509 510 1557
2600 510 511 1557
2601 511 512 1557
2602 512 513 1557
2603 656 665 1558
2604 665 671 1558
2605 616 635 1558
2606 1546 1547 1558
2607 648 656 1558
2608 635 648 1558
2609 413 1546 1558
2610 1557 413 1558
2611 547 557 1559
2612 557 572 1559
2613 572 581 1559
2614 581 585 1559
2615 585 589 1559
2616 589 595 1559
2617 595 599 1559
2618 537 547 1559
2619 1547 537 1559
2620 599 611 1559
2621 611 616 1559
2622 616 1558 1559
2623 1558 1547 1559
2624 574 575 1560
2625 575 578 1560
2626 569 574 1560
2627 578 582 1560
2628 564 569 1560
2629 745 564 1560
2630 615 610 1561
2631 618 615 1561
2632 621 618 1561
2633 624 621 1561
2634 627 624 1561
2635 630 627 1561
2636 640 630 1561
2637 645 640 1561
2638 610 598 1561
2639 598 1549 1561
2640 653 645 1561
2641 1549 1550 1561
2642 660 653 1561
2643 1550 1551 1562
2644 1561 1550 1562
2645 1551 1552 1563
2646 1562 1551 1563
2647 1563 1552 1564
2648 1553 1554 1565
2649 822 829 1566
2650 1554 1555 1566
2651 836 839 1566
2652 829 833 1566
2653 1565 1554 1566
2654 833 836 1566
2655 803 802 1567
2656 804 803 1567
2657 805 804 1567
2658 806 805 1567
2659 807 806 1567
2660 808 807 1567
2661 1555 1556 1567
2662 813 818 1567
2663 818 822 1567
2664 822 1566 1567
2665 802 813 1567
2666 1566 1555 1567
2667 1556 1557 1568
2668 812 808 1568
2669 808 1567 1568
2670 817 812 1568
2671 1567 1556 1568
2672 1557 1558 1569
2673 1568 1557 1569
2674 671 683 1570
2675 1558 671 1570
2676 683 685 1570
2677 685 687 1570
2678 687 689 1570
2679 689 691 1570
2680 691 693 1570
2681 693 696 1570
2682 1569 1558 1570
2683 696 699 1570
2684 699 703 1570
2685 703 708 1570
2686 708 713 1570
2687 713 718 1570
2688 718 726 1570
2689 726 743 1570
2690 689 681 1571
2691 691 689 1571
2692 708 703 1571
2693 727 708 1571
2694 703 699 1571
2695 753 727 1571
2696 699 696 1571
2697 765 753 1571
2698 779 765 1571
2699 780 779 1571
2700 696 693 1571
2701 781 780 1571
2702 693 691 1571
2703 782 781 1571
2704 783 782 1571
2705 784 783 1571
2706 785 784 1571
2707 786 785 1571
2708 681 672 1571
2709 787 786 1571
2710 788 787 1571
2711 789 788 1571
2712 790 789 1571
2713 672 663 1571
2714 791 790 1571
2715 792 791 1571
2716 793 792 1571
2717 794 793 1571
2718 663 649 1571
2719 795 794 1571
2720 649 766 1571
2721 766 796 1571
2722 796 795 1571
2723 606 617 1572
2724 617 620 1572
2725 620 719 1572
2726 590 596 1572
2727 596 606 1572
2728 729 728 1572
2729 730 729 1572
2730 719 731 1572
2731 731 730 1572
2732 582 590 1572
2733 737 736 1572
2734 738 737 1572
2735 739 738 1572
2736 740 739 1572
2737 728 741 1572
2738 741 740 1572
2739 1560 582 1572
2740 736 745 1572
2741 745 1560 1572
2742 688 678 1573
2743 690 688 1573
2744 692 690 1573
2745 695 692 1573
2746 698 695 1573
2747 702 698 1573
2748 707 702 1573
2749 675 673 1573
2750 678 675 1573
2751 673 670 1573
2752 662 660 1573
2753 660 1561 1573
2754 664 662 1573
2755 666 664 1573
2756 668 666 1573
2757 670 668 1573
2758 1561 1562 1573
2759 1562 1563 1574
2760 1573 1562 1574
2761 1563 1564 1575
2762 1574 1563 1575
2763 1575 1564 1576
2764 1565 1566 1577
2765 854 859 1578
2766 859 864 1578
2767 839 842 1578
2768 1566 839 1578
2769 842 846 1578
2770 846 854 1578
2771 864 873 1578
2772 873 881 1578
2773 881 885 1578
2774 885 889 1578
2775 889 892 1578
2776 892 895 1578
2777 1577 1566 1578
2778 815 810 1579
2779 810 825 1579
2780 837 831 1579
2781 840 837 1579
2782 820 815 1579
2783 825 841 1579
2784 841 844 1579
2785 824 820 1579
2786 843 840 1579
2787 852 843 1579
2788 844 853 1579
2789 853 856 1579
2790 831 824 1579
2791 856 858 1579
2792 858 861 1579
2793 861 863 1579
2794 863 866 1579
2795 866 875 1579
2796 875 887 1579
2797 860 852 1579
2798 903 860 1579
2799 887 904 1579
2800 904 912 1579
2801 912 903 1579
2802 884 876 1580
2803 848 845 1580
2804 850 848 1580
2805 853 850 1580
2806 856 853 1580
2807 858 856 1580
2808 861 858 1580
2809 863 861 1580
2810 866 863 1580
2811 868 866 1580
2812 870 868 1580
2813 872 870 1580
2814 876 872 1580
2815 832 817 1580
2816 817 1568 1580
2817 845 832 1580
2818 1568 1569 1580
2819 1569 1570 1581
2820 1580 1569 1581
2821 743 751 1582
2822 1570 743 1582
2823 1581 1570 1582
2824 777 778 1583
2825 778 779 1583
2826 776 777 1583
2827 780 781 1583
2828 779 780 1583
2829 781 782 1583
2830 782 783 1583
2831 784 785 1583
2832 783 784 1583
2833 785 786 1583
2834 786 787 1583
2835 787 788 1583
2836 789 790 1583
2837 788 789 1583
2838 790 791 1583
2839 791 792 1583
2840 793 794 1583
2841 792 793 1583
2842 794 795 1583
2843 795 796 1583
2844 796 797 1583
2845 797 798 1583
2846 799 800 1583
2847 798 799 1583
2848 800 801 1583
2849 751 763 1583
2850 1582 751 1583
2851 763 776 1583
2852 760 761 1584
2853 775 760 1584
2854 761 762 1584
2855 774 775 1584
2856 773 774 1584
2857 801 773 1584
2858 1583 801 1584
2859 734 725 1584
2860 742 734 1584
2861 750 742 1584
2862 762 750 1584
2863 984 991 1585
2864 712 707 1585
2865 707 1573 1585
2866 1573 1574 1585
2867 717 712 1585
2868 725 717 1585
2869 1584 725 1585
2870 991 997 1585
2871 983 974 1586
2872 968 967 1586
2873 969 968 1586
2874 970 969 1586
2875 971 970 1586
2876 972 971 1586
2877 973 972 1586
2878 974 973 1586
2879 990 983 1586
2880 1574 1575 1586
2881 967 975 1586
2882 975 984 1586
2883 984 1585 1586
2884 1585 1574 1586
2885 1575 1576 1587
2886 996 990 1587
2887 990 1586 1587
2888 1002 996 1587
2889 1011 1002 1587
2890 1586 1575 1587
2891 1587 1576 1588
2892 1577 1578 1589
2893 895 929 1590
2894 929 936 1590
2895 936 940 1590
2896 940 943 1590
2897 943 948 1590
2898 948 952 1590
2899 1136 1135 1590
2900 1137 1136 1590
2901 1138 1137 1590
2902 1139 1138 1590
2903 1140 1139 1590
2904 1141 1140 1590
2905 1142 1141 1590
2906 1135 1143 1590
2907 1578 895 1590
2908 1589 1578 1590
2909 1149 1142 1591
2910 1154 1149 1591
2911 958 959 1591
2912 1158 1154 1591
2913 959 960 1591
2914 960 961 1591
2915 1163 1158 1591
2916 961 962 1591
2917 962 963 1591
2918 963 964 1591
2919 964 965 1591
2920 965 966 1591
2921 966 957 1591
2922 957 947 1591
2923 952 958 1591
2924 1590 952 1591
2925 1142 1590 1591
2926 935 899 1592
2927 939 935 1592
2928 899 884 1592
2929 884 1580 1592
2930 1580 1581 1592
2931 947 939 1592
2932 1591 947 1592
2933 1171 1170 1593
2934 1172 1171 1593
2935 1581 1582 1593
2936 1592 1581 1593
2937 1582 1583 1594
2938 1173 1172 1594
2939 1172 1593 1594
2940 1174 1173 1594
2941 1175 1174 1594
2942 1176 1175 1594
2943 1177 1176 1594
2944 1178 1177 1594
2945 1179 1178 1594
2946 1180 1179 1594
2947 1181 1180 1594
2948 1593 1582 1594
2949 1583 1584 1595
2950 1594 1583 1595
2951 1584 1585 1596
2952 1595 1584 1596
2953 997 1012 1597
2954 1585 997 1597
2955 1012 1026 1597
2956 1026 1031 1597
2957 1596 1585 1597
2958 1031 1065 1597
2959 970 971 1598
2960 976 970 1598
2961 985 976 1598
2962 971 977 1598
2963 992 985 1598
2964 998 992 1598
2965 1007 998 1598
2966 1019 1007 1598
2967 1024 1019 1598
2968 1028 1024 1598
2969 977 978 1598
2970 978 1040 1598
2971 1032 1028 1598
2972 1040 1032 1598
2973 1016 1011 1599
2974 1011 1587 1599
2975 1022 1016 1599
2976 1030 1022 1599
2977 1036 1030 1599
2978 1046 1044 1599
2979 1048 1046 1599
2980 1050 1048 1599
2981 1052 1050 1599
2982 1054 1052 1599
2983 1056 1054 1599
2984 1058 1056 1599
2985 1060 1058 1599
2986 1062 1060 1599
2987 1064 1062 1599
2988 1067 1064 1599
2989 1069 1067 1599
2990 1071 1069 1599
2991 1073 1071 1599
2992 1075 1073 1599
2993 1077 1075 1599
2994 1044 1036 1599
2995 1587 1588 1599
2996 1599 1588 1600
2997 1282 1289 1601
2998 1289 1296 1601
2999 1296 1301 1601
3000 1301 1306 1601
3001 1306 1313 1601
3002 1313 1318 1601
3003 1318 1324 1601
3004 1324 1330 1601
3005 1589 1590 1601
3006 1210 1217 1602
3007 1217 1222 1602
3008 1222 1227 1602
3009 1227 1251 1602
3010 1204 1210 1602
3011 1251 1282 1602
3012 1143 1150 1602
3013 1590 1143 1602
3014 1150 1155 1602
3015 1155 1159 1602
3016 1189 1198 1602
3017 1198 1204 1602
3018 1282 1601 1602
3019 1159 1167 1602
3020 1167 1189 1602
3021 1601 1590 1602
3022 1263 1258 1603
3023 1270 1263 1603
3024 1338 1270 1603
3025 1166 1163 1603
3026 1163 1591 1603
3027 1169 1166 1603
3028 1184 1169 1603
3029 1192 1184 1603
3030 1212 1192 1603
3031 1235 1229 1603
3032 1241 1235 1603
3033 1247 1241 1603
3034 1253 1247 1603
3035 1258 1253 1603
3036 1229 1212 1603
3037 1591 1592 1603
3038 1592 1593 1604
3039 1603 1592 1604
3040 1193 1200 1605
3041 1200 1206 1605
3042 1206 1213 1605
3043 1170 1193 1605
3044 1593 1170 1605
3045 1230 1242 1605
3046 1242 1254 1605
3047 1254 1271 1605
3048 1213 1230 1605
3049 1604 1593 1605
3050 1309 1315 1605
3051 1315 1321 1605
3052 1321 1328 1605
3053 1328 1334 1605
3054 1271 1309 1605
3055 1216 1209 1606
3056 1221 1216 1606
3057 1226 1221 1606
3058 1233 1226 1606
3059 1239 1233 1606
3060 1250 1245 1606
3061 1256 1250 1606
3062 1260 1256 1606
3063 1275 1260 1606
3064 1197 1188 1606
3065 1209 1197 1606
3066 1188 1181 1606
3067 1181 1594 1606
3068 1245 1239 1606
3069 1594 1595 1606
3070 1281 1275 1606
3071 1295 1281 1606
3072 1341 1323 1607
3073 1323 1295 1607
3074 1595 1596 1607
3075 1295 1606 1607
3076 1606 1595 1607
3077 1596 1597 1608
3078 1607 1596 1608
3079 1083 1103 1609
3080 1065 1083 1609
3081 1597 1065 1609
3082 1608 1597 1609
3083 1134 1120 1610
3084 1121 1122 1610
3085 1124 1125 1610
3086 1123 1124 1610
3087 1122 1123 1610
3088 1128 1129 1610
3089 1129 1130 1610
3090 1130 1131 1610
3091 1127 1128 1610
3092 1125 1126 1610
3093 1126 1127 1610
3094 1131 1132 1610
3095 1132 1133 1610
3096 1133 1134 1610
3097 1103 1121 1610
3098 1609 1103 1610
3099 1080 1077 1611
3100 1077 1599 1611
3101 1088 1086 1611
3102 1091 1088 1611
3103 1097 1091 1611
3104 1086 1080 1611
3105 1599 1600 1611
3106 1102 1097 1611
3107 1108 1102 1611
3108 1114 1108 1611
3109 1120 1114 1611
3110 1610 1120 1611
3111 1611 1600 1612
3112 1342 1364 1613
3113 1330 1336 1613
3114 1601 1330 1613
3115 1336 1342 1613
3116 1377 1378 1614
3117 1378 1379 1614
3118 1379 1380 1614
3119 1380 1381 1614
3120 1381 1390 1614
3121 1390 1403 1614
3122 1403 1404 1614
3123 1404 1405 1614
3124 1405 1406 1614
3125 1406 1407 1614
3126 1407 1408 1614
3127 1408 1409 1614
3128 1409 1410 1614
3129 1364 1371 1614
3130 1613 1364 1614
3131 1371 1377 1614
3132 1399 1387 1615
3133 1344 1338 1615
3134 1338 1603 1615
3135 1348 1344 1615
3136 1352 1348 1615
3137 1356 1352 1615
3138 1387 1367 1615
3139 1361 1356 1615
3140 1603 1604 1615
3141 1367 1361 1615
3142 1414 1399 1615
3143 1410 1411 1615
3144 1614 1410 1615
3145 1411 1412 1615
3146 1412 1413 1615
3147 1413 1414 1615
3148 1483 1494 1616
3149 1604 1605 1616
3150 1615 1604 1616
3151 1349 1353 1617
3152 1353 1415 1617
3153 1415 1422 1617
3154 1422 1458 1617
3155 1458 1460 1617
3156 1334 1339 1617
3157 1605 1334 1617
3158 1345 1349 1617
3159 1339 1345 1617
3160 1616 1605 1617
3161 1460 1468 1617
3162 1468 1471 1617
3163 1471 1475 1617
3164 1475 1478 1617
3165 1478 1483 1617
3166 1483 1616 1617
3167 1459 1438 1618
3168 1462 1459 1618
3169 1438 1428 1618
3170 1465 1462 1618
3171 1428 1421 1618
3172 1467 1465 1618
3173 1470 1467 1618
3174 1474 1470 1618
3175 1482 1474 1618
3176 1504 1493 1619
3177 1370 1359 1619
3178 1350 1346 1619
3179 1354 1350 1619
3180 1359 1354 1619
3181 1346 1341 1619
3182 1341 1607 1619
3183 1607 1608 1619
3184 1493 1482 1619
3185 1376 1370 1619
3186 1402 1376 1619
3187 1421 1402 1619
3188 1618 1421 1619
3189 1482 1618 1619
3190 1608 1609 1620
3191 1619 1608 1620
3192 1609 1610 1621
3193 1620 1609 1621
3194 1610 1611 1622
3195 1621 1610 1622
3196 1611 1612 1623
3197 1622 1611 1623
3198 1623 1612 1624
